26412, 26734, 26370, 26372, 26610, 27446, 26453, 26454, 26455, 26456
26412, 26734, 26370, 26372, 26610, 27446, 26453, 26454, 26455, 26456, 27298 
26734, 26373, 26430, 26445, 27387, 26371
26734, 26373, 26430, 26445, 27387, 26371
26734, 26442, 26445, 27216, 27217, 26447, 27387
26734, 26442, 26445, 27216, 27217, 26447, 27387
26443, 27413, 27407, 26423
26734, 26421, 26422, 26423, 26458, 27387, 27407
26734, 26610, 27443
26734, 26610, 27443
26973, 26734, 26677 
26973, 26734, 26677
26734, 26442, 27216, 27217, 26447 
26734, 26371, 26428, 26433, 26448, 26447, 26683, 26680, 27387, 27399
26734, 26371, 26428, 26433, 26448, 27211, 26447, 26683, 27387, 26680, 27399, 27217
27175, 26745, 26372, 26439, 27387
27385, 26734, 27285
26734, 26418, 26420, 26440, 26445, 27428, 27437, 27459, 27422, 26457, 27431, 27429, 27415, 26448 
26734, 26418, 26420, 26440, 26445, 27428, 27422, 26457, 27431, 27429, 27415 
27396, 26430, 26428, 26442, 26422, 26447
27406
26734, 27429, 26420, 27415, 27432
26734, 27429, 26420, 27415, 27432
26455, 26372, 27446 
27422, 27430, 27437, 27433 
27438, 27426, 27427
27420, 27421 
27420, 27421 
26311
27456, 4046, 26455, 27458 
27456, 4046, 26455, 27458
27458, 4046, 26455
27458, 4046, 26455
26734, 26610, 27443
26734, 26610, 27443
